 255  6  3
 254  251  192
 204  15  203
 211  11  204
 218  6  204
 210  7  208
 160  6  237
 218  10  200
 229  39  224
 221  42  223
 227  46  213
 190  49  212
 222  46  215
 231  42  219
 213  45  225
 205  43  227
 214  25  226
 209  45  244
 213  45  252
 211  45  1
 217  59  13
 219  8  49
 216  8  51
 212  251  53
 209  251  52
 209  247  47
 218  246  49
 206  251  48
 210  242  49
 212  242  48
 213  242  51
 214  242  54
 212  2  53
 217  242  54
 217  251  52
 218  252  57
 217  251  56
 214  250  53
 215  253  50
 227  242  58
 232  242  59
 233  241  60
 230  242  59
 230  242  59
 230  240  59
 221  242  56
 204  252  43
 212  246  46
 217  248  52
 216  248  52
 213  254  50
 214  247  51
 218  254  53
 214  255  56
 215  251  55
 218  235  52
 213  253  46
 208  3  51
 211  249  51
 213  250  51
 246  245  60
 251  238  55
 250  240  58
 254  232  61
 253  237  61
 2  244  62
 6  246  64
 6  239  63
 11  237  60
 11  236  57
 15  238  56
 17  239  55
 28  240  56
 32  239  51
 31  243  49
 43  245  44
 45  246  46
 44  254  42
 43  2  41
 41  1  36
 47  7  35
 47  7  35
 48  5  34
 50  8  32
 53  9  28
 53  7  27
 59  4  26
 67  254  23
 69  252  27
 67  254  22
 67  1  20
 62  11  23
 65  18  18
 52  21  16
 50  22  13
 53  22  10
 47  22  2
 47  19  249
 45  18  255
 43  10  246
 45  7  244
 49  5  249
 54  255  243
 47  6  249
 51  13  251
 56  12  254
 66  5  4
 65  3  5
 57  8  5
 58  12  5
 58  12  4
 61  6  6
 59  5  4
 56  6  4
 58  5  5
 61  1  5
 62  2  7
 59  3  4
 63  254  3
 57  253  7
 55  253  6
 58  248  4
 59  244  3
 60  249  1
 59  246  1
 56  246  255
 57  244  255
 56  240  2
 58  236  1
 55  236  3
 56  236  4
 57  233  6
 54  231  5
 54  226  5
 51  225  6
 51  221  7
 48  220  8
 46  218  8
 47  215  6
 43  215  6
 43  211  5
 42  209  5
 38  206  4
 35  202  4
 32  203  1
 28  198  1
 26  199  3
 5  195  4
 254  193  3
 252  194  5
 245  192  8
 241  193  4
 238  198  8
 234  194  10
 232  192  4
 227  191  9
 228  200  3
 215  202  254
 218  198  255
 209  204  254
 213  202  255
 211  205  1
 207  208  2
 198  220  7
 196  224  9
 195  225  1
 193  228  5
 196  226  4
 193  232  254
 190  237  252
 187  245  1
 189  250  5
 188  1  9
 187  5  9
 187  6  7
 191  3  6
 191  6  4
 189  26  253
 191  26  253
 196  19  252
 195  29  254
 197  30  255
 196  36  1
 201  35  255
 202  42  1
 205  42  255
 206  44  253
 209  46  253
 211  47  252
 213  48  250
 218  53  249
 221  53  249
 225  55  247
 229  57  247
 232  58  245
 235  60  245
 240  60  246
 242  61  245
 246  61  245
 249  60  243
 255  61  242
 2  59  242
 4  61  241
 7  59  240
 12  56  238
 16  55  237
 20  51  237
 24  57  236
 26  50  236
 28  49  238
 30  48  239
 32  47  240
 34  46  244
 35  47  246
 40  46  247
 43  40  251
 42  41  251
 47  35  250
 49  33  251
 53  28  251
 56  22  253
 56  21  250
 55  17  250
 57  13  250
 60  11  250
 56  8  249
 56  5  250
 63  4  252
 59  2  251
 54  254  253
 59  253  253
 60  251  251
 59  245  250
 57  243  251
 55  240  251
 53  238  249
 58  236  250
 52  236  251
 58  235  250
 58  233  253
 56  233  252
 53  233  252
 54  230  252
 53  227  252
 51  225  249
 49  222  248
 47  223  253
 50  218  253
 47  218  255
 46  216  1
 49  216  6
 44  216  7
 48  217  8
 49  216  9
 44  216  10
 42  215  11
 45  213  11
 43  210  1
 41  206  5
 39  210  1
 32  202  8
 24  197  6
 15  191  5
 15  193  7
 10  193  8
 12  193  8
 6  195  7
 2  192  5
 250  192  6
 246  189  3
 234  192  254
 226  193  252
 228  193  254
 223  192  251
 221  201  255
 221  200  254
 215  199  253
 210  205  251
 203  211  249
 206  211  248
 204  213  249
 207  210  254
 208  204  253
 204  211  254
 203  214  253
 194  218  253
 200  220  1
 195  228  3
 195  226  4
 192  231  5
 192  233  1
 192  237  3
 190  237  4
 195  240  6
 189  245  1
 203  33  9
 203  51  32
 206  37  18
 206  30  19
 212  42  12
 215  48  10
 221  58  3
 230  56  247
 233  65  2
 232  60  3
 14  61  254
 18  61  255
 23  55  250
 29  53  251
 30  47  244
 33  47  251
 37  45  254
 42  43  252
 40  39  250
 45  38  1
 46  34  252
 47  33  255
 51  32  252
 51  31  253
 54  26  254
 53  20  253
 52  24  255
 55  17  250
 55  16  253
 55  13  254
 57  14  253
 61  17  253
 58  16  253
 57  12  252
 58  11  254
 57  9  252
 58  8  253
 58  7  253
 58  5  251
 60  3  252
 59  2  254
 61  255  250
 57  254  254
 59  250  252
 59  251  251
 58  250  251
 57  247  248
 60  245  248
 58  247  251
 57  245  250
 59  241  250
 56  236  249
 54  229  248
 50  226  251
 47  220  249
 47  218  248
 42  218  247
 41  210  244
 30  215  240
 33  202  244
 29  197  239
 29  201  242
 27  200  243
 23  197  241
 21  198  241
 20  197  239
 19  200  238
 15  197  236
 14  199  235
 12  197  233
 9  195  231
 4  194  230
 245  198  228
 239  199  229
 237  202  228
 236  202  226
 232  200  225
 231  204  224
 225  206  223
 223  208  225
 214  213  226
 212  214  226
 208  219  225
 210  216  226
 211  218  224
 212  223  219
 211  226  213
 215  228  214
 214  230  214
 207  234  216
 206  240  215
 204  246  216
 200  253  219
 203  251  216
 200  252  215
 199  254  216
 198  249  216
 198  252  219
 199  253  217
 194  2  223
 201  5  225
 197  7  227
 196  9  228
 197  11  228
 191  8  246
 189  6  242
 189  9  244
 189  5  249
 189  3  1
 199  3  34
 201  250  37
 206  1  45
 211  1  53
 214  253  50
 211  254  42
 221  28  71
 225  3  56
 230  5  60
 235  2  59
 237  1  61
 247  5  60
 246  3  61
 2  2  59
 16  3  59
 32  1  54
 44  2  40
 44  3  33
 57  3  31
 59  4  18
 58  2  8
 55  5  239
 48  4  231
 51  1  227
 50  253  225
 47  249  218
 39  253  216
 41  248  212
 40  247  210
 34  248  205
 27  242  201
 26  246  205
 22  248  198
 20  254  197
 17  5  200
 11  16  195
 5  20  197
 252  22  197
 245  19  197
 238  20  198
 234  21  197
 232  16  199
 223  18  203
 219  20  206
 216  18  210
 210  20  213
 207  20  218
 204  17  220
 202  21  223
 201  23  226
 196  24  233
 198  24  235
 196  22  243
 194  16  251
 192  19  253
 190  19  2
 180  18  3
 191  13  13
 190  15  18
 197  8  19
 194  7  38
 200  4  44
 200  255  42
 201  5  37
 201  5  36
 228  9  59
 3  6  56
 24  6  52
 15  240  56
 35  231  56
 32  228  75
 40  229  46
 37  231  46
 35  230  36
 38  231  31
 40  215  16
 45  209  10
 21  213  210
 22  214  208
 16  214  208
 6  217  204
 252  223  205
 249  221  200
 245  223  205
 242  223  199
 243  221  204
 244  220  205
 242  217  203
 227  226  202
 224  238  209
 224  231  201
 219  238  207
 220  237  210
 212  243  207
 211  243  206
 210  250  214
 205  248  211
 201  242  208
 206  252  214
 198  254  216
 195  6  224
 194  7  226
 190  11  234
 192  14  240
 189  16  245
 185  17  252
 195  21  3
 195  23  12
 196  24  15
 204  23  26
 199  21  27
 202  19  28
 201  21  31
 210  24  34
 207  30  33
 212  36  33
 216  38  31
 213  44  31
 218  41  33
 215  41  33
 217  42  32
 222  40  34
 224  43  35
 226  41  35
 228  46  40
 232  50  44
 235  42  47
 242  40  46
 246  32  52
 232  236  54
 239  4  54
 232  20  58
 226  27  60
 241  32  47
 241  52  47
 255  45  36
 253  50  36
 252  54  31
 1  59  21
 6  61  9
 7  66  8
 13  61  7
 22  54  255
 30  54  1
 58  59  3
 40  42  251
 49  39  2
 51  38  6
 49  28  1
 46  31  6
 49  23  1
 48  18  14
 42  236  21
 33  220  33
 31  226  40
 29  213  46
 21  217  49
 32  218  50
 28  218  50
 13  218  44
 12  217  32
 19  213  45
 20  211  44
 15  226  50
 7  229  45
 15  234  56
 4  230  66
 246  240  64
 246  247  74
 242  14  64
 243  28  51
 11  46  26
 10  61  44
 21  52  44
 38  43  6
 31  52  247
 37  60  246
 44  43  227
 42  28  215
 53  23  214
 50  14  211
 48  3  223
 31  249  217
 30  234  207
 32  226  206
 31  219  221
 34  223  233
 37  217  224
 36  221  234
 31  221  242
 34  225  238
 36  215  235
 52  220  227
 42  209  242
 30  208  247
 36  197  12
 36  227  37
 41  243  40
 41  253  31
 43  8  53
 50  8  46
 45  8  24
 49  20  7
 58  33  249
 49  22  236
 50  30  232
 49  30  240
 60  7  226
 54  14  235
 53  18  252
 56  3  245
 57  255  252
 48  16  247
 45  221  14
 39  218  11
 31  210  21
 23  199  20
 9  194  31
 4  191  29
 255  192  31
 254  199  26
 253  204  25
 235  204  45
 38  173  21
 13  212  31
 13  203  32
 13  202  31
 16  203  30
 16  203  30
 15  203  28
 15  203  29
 13  202  31
 15  203  31
 15  202  31
 15  203  31
 15  202  32
 16  202  31
 16  203  31
